9 0.582353 0.10915 0.0132353 0.0588235
0 0.579779 0.19281 0.0139706 0.0509804
2 0.661029 0.272549 0.0308824 0.0535948
8 0.811397 0.356209 0.0904412 0.0823529
0 0.579779 0.199346 0.0154412 0.0640523
0 0.354412 0.49281 0.0117647 0.0575163
5 0.586029 0.679085 0.0544118 0.166013
2 0.585662 0.679085 0.0551471 0.163399
2 0.460294 0.224183 0.0338235 0.0980392
0 0.819485 0.499346 0.0198529 0.0862745
2 0.747794 0.479739 0.0897059 0.101961
2 0.810662 0.356863 0.0904412 0.0810458
2 0.514338 0.444444 0.0330882 0.075817
2 0.559559 0.360131 0.0470588 0.108497
